
===================ALL STRONGLY CONNECTED COMPONENTS======================================
995 
=============================================================
992 
=============================================================
982 
=============================================================
979 
=============================================================
944 
=============================================================
943 
=============================================================
941 
=============================================================
901 
=============================================================
879 
=============================================================
875 
=============================================================
863 
=============================================================
858 
=============================================================
846 
=============================================================
808 
=============================================================
802 
=============================================================
798 
=============================================================
790 
=============================================================
788 
=============================================================
773 
=============================================================
772 
=============================================================
755 
=============================================================
750 
=============================================================
746 
=============================================================
744 
=============================================================
732 
=============================================================
731 
=============================================================
711 
=============================================================
703 
=============================================================
691 
=============================================================
684 
=============================================================
675 
=============================================================
670 
=============================================================
660 
=============================================================
658 
=============================================================
653 
=============================================================
648 
=============================================================
634 
=============================================================
633 
=============================================================
580 
=============================================================
524 
=============================================================
0 5 2 3 4 6 21 10 11 7 8 9 44 12 14 35 13 23 17 18 53 52 61 60 95 41 30 24 25 26 27 28 20 22 92 65 64 16 15 45 46 63 54 34 29 31 32 33 37 38 40 39 48 36 75 76 47 79 51 82 58 42 19 62 68 69 81 80 96 56 55 57 59 89 88 121 66 67 74 73 84 49 50 71 70 86 83 87 105 77 107 90 91 108 93 128 94 120 101 97 98 99 100 102 192 132 106 72 163 115 113 114 116 118 117 160 85 142 124 125 185 323 162 103 104 150 122 123 129 127 166 133 134 173 147 145 144 212 131 126 137 138 211 153 152 183 146 177 176 178 157 149 148 180 156 179 181 155 154 209 158 159 210 169 136 135 165 151 170 164 139 140 174 175 252 193 194 195 208 236 233 234 235 243 237 238 241 232 141 161 249 184 187 215 188 189 190 282 191 214 172 143 196 167 168 198 201 197 199 200 204 206 231 257 278 262 301 171 245 263 256 221 218 222 223 220 377 182 213 264 265 266 246 247 358 43 324 441 254 186 226 225 309 224 560 283 230 333 119 229 338 251 336 260 248 259 253 366 109 424 240 242 303 255 284 277 342 280 270 419 268 295 288 217 340 290 272 216 269 273 271 281 285 286 305 408 411 308 376 296 250 320 321 351 329 258 356 112 357 328 327 306 326 318 361 339 370 414 443 409 244 420 291 294 346 345 343 207 820 205 498 267 359 332 406 374 293 360 371 300 355 405 314 307 347 349 344 381 379 316 341 297 311 312 317 310 494 261 367 337 437 417 423 426 275 368 375 455 302 304 369 564 748 495 363 434 322 334 335 428 429 446 447 440 380 385 387 388 390 389 391 393 378 397 394 486 292 450 413 458 493 399 401 362 331 459 453 491 892 438 330 556 464 444 485 976 981 925 847 448 461 592 274 549 298 287 299 418 467 460 427 422 404 353 354 708 599 828 546 352 350 533 430 425 457 526 403 537 473 412 481 373 372 431 433 756 597 596 695 971 520 552 698 685 647 435 665 812 845 699 499 452 451 365 421 466 488 487 558 569 500 502 407 504 506 462 463 513 474 110 478 442 469 477 652 476 612 492 518 445 531 482 483 727 851 907 593 515 484 563 522 523 601 480 508 509 325 400 589 638 690 671 471 607 490 410 932 859 815 880 949 511 541 641 651 810 809 465 707 566 573 856 615 521 554 535 777 538 530 723 551 663 679 747 613 619 793 678 710 896 952 540 733 553 598 766 823 565 674 754 510 525 529 496 602 616 700 570 661 666 720 608 765 912 913 922 956 933 929 579 950 644 489 528 963 926 927 930 669 783 654 562 497 548 581 557 917 908 395 776 918 974 1000 936 572 822 953 939 970 872 811 568 544 534 813 542 543 585 600 588 392 817 840 921 931 951 957 555 800 833 627 786 738 806 826 803 1001 832 587 886 519 582 667 550 713 958 962 969 536 706 694 610 664 836 903 686 914 470 655 753 816 860 900 978 980 559 577 621 954 726 791 623 202 313 924 507 545 503 672 778 649 865 991 635 898 855 714 818 906 681 760 909 618 617 662 640 937 768 730 590 547 527 919 891 717 759 789 705 611 938 947 632 719 841 869 799 673 889 835 276 895 883 905 696 629 396 814 456 779 955 725 825 923 416 728 885 887 945 454 1003 989 741 516 743 517 737 735 620 829 843 567 432 642 797 512 721 279 736 920 228 745 645 692 689 348 824 839 650 539 734 364 990 877 591 999 844 742 935 838 501 821 614 751 111 514 837 415 852 643 866 740 219 715 878 609 942 758 624 996 697 716 763 902 
=============================================================
668 
=============================================================
928 
=============================================================
636 
=============================================================
1004 
=============================================================
899 
=============================================================
834 
=============================================================
704 
=============================================================
948 
=============================================================
657 
=============================================================
904 
=============================================================
761 
=============================================================
961 
=============================================================
960 
=============================================================
959 
=============================================================
659 
=============================================================
985 
=============================================================
871 
=============================================================
595 
=============================================================
770 
=============================================================
606 
=============================================================
787 
=============================================================
827 
=============================================================
998 
=============================================================
910 
=============================================================
712 
=============================================================
882 
=============================================================
966 
=============================================================
398 
=============================================================
382 
=============================================================
383 
=============================================================
890 
=============================================================
792 
=============================================================
853 
=============================================================
830 
=============================================================
915 
=============================================================
842 
=============================================================
881 
=============================================================
801 
=============================================================
868 
=============================================================
994 
=============================================================
894 
=============================================================
964 
=============================================================
574 
=============================================================
870 
=============================================================
874 
=============================================================
873 
=============================================================
940 
=============================================================
739 
=============================================================
475 
=============================================================
693 
=============================================================
631 
=============================================================
637 
=============================================================
622 
=============================================================
857 
=============================================================
626 
=============================================================
687 
=============================================================
709 
=============================================================
584 
=============================================================
861 
=============================================================
781 
=============================================================
911 
=============================================================
968 
=============================================================
795 
=============================================================
897 
=============================================================
983 
=============================================================
578 
=============================================================
796 
=============================================================
794 
=============================================================
819 
=============================================================
676 
=============================================================
239 
=============================================================
977 
=============================================================
867 
=============================================================
988 
=============================================================
864 
=============================================================
784 
=============================================================
646 
=============================================================
774 
=============================================================
718 
=============================================================
831 
=============================================================
769 
=============================================================
946 
=============================================================
384 
=============================================================
604 
=============================================================
722 
=============================================================
916 
=============================================================
479 
=============================================================
603 
=============================================================
449 
=============================================================
934 
=============================================================
594 
=============================================================
752 
=============================================================
780 
=============================================================
848 
=============================================================
850 
=============================================================
854 
=============================================================
876 
=============================================================
639 
=============================================================
849 
=============================================================
888 
=============================================================
884 
=============================================================
683 
=============================================================
807 
=============================================================
993 
=============================================================
997 
=============================================================
436 
=============================================================
972 
=============================================================
386 
=============================================================
1002 
=============================================================
984 
=============================================================
767 
=============================================================
805 
=============================================================
975 
=============================================================
973 
=============================================================
893 
=============================================================
315 
=============================================================
227 
=============================================================
472 
=============================================================
702 
=============================================================
862 
=============================================================
439 
=============================================================
724 
=============================================================
775 
=============================================================
967 
=============================================================
729 
=============================================================
804 
=============================================================
986 
=============================================================
757 
=============================================================
782 
=============================================================
576 
=============================================================
987 
=============================================================
965 
=============================================================
749 
=============================================================
625 
=============================================================
571 
=============================================================
771 
=============================================================
575 
=============================================================
605 
=============================================================
762 
=============================================================
586 
=============================================================
630 
=============================================================
532 
=============================================================
677 
=============================================================
764 
=============================================================
785 
=============================================================
628 
=============================================================
78 
=============================================================
680 
=============================================================
688 
=============================================================
583 
=============================================================
319 
=============================================================
682 
=============================================================
289 
=============================================================
701 
=============================================================
561 
=============================================================
130 
=============================================================
656 
=============================================================
505 
=============================================================
203 
=============================================================
402 
=============================================================
468 
=============================================================
1 
=============================================================
The number of strongly connected components are :203
Time taken by function: 87763 microseconds
