
===================ALL STRONGLY CONNECTED COMPONENTS======================================
1134 
=============================================================
1135 
=============================================================
1136 
=============================================================
1137 
=============================================================
1112 
=============================================================
1113 
=============================================================
1108 
=============================================================
1111 
=============================================================
1110 
=============================================================
1109 
=============================================================
1095 
=============================================================
1100 
=============================================================
1050 
=============================================================
851 
=============================================================
948 
=============================================================
879 
=============================================================
880 
=============================================================
875 
=============================================================
881 
=============================================================
876 
=============================================================
877 
=============================================================
863 864 
=============================================================
857 
=============================================================
937 
=============================================================
938 
=============================================================
890 
=============================================================
891 
=============================================================
858 
=============================================================
859 
=============================================================
852 
=============================================================
934 
=============================================================
904 
=============================================================
869 
=============================================================
853 
=============================================================
845 
=============================================================
846 
=============================================================
777 
=============================================================
778 
=============================================================
697 
=============================================================
694 
=============================================================
695 
=============================================================
698 
=============================================================
696 
=============================================================
651 
=============================================================
652 
=============================================================
598 
=============================================================
583 
=============================================================
584 
=============================================================
585 
=============================================================
591 
=============================================================
586 
=============================================================
587 
=============================================================
588 
=============================================================
589 
=============================================================
590 
=============================================================
582 
=============================================================
308 
=============================================================
196 
=============================================================
0 1 2 3 112 33 46 82 81 62 61 302 301 113 50 5 6 7 287 286 119 51 136 115 53 52 15 14 13 48 23 49 45 42 9 118 36 40 74 73 72 65 64 63 88 87 189 67 66 71 70 69 109 43 175 186 178 177 176 207 147 144 200 199 101 76 102 107 108 150 95 93 92 1051 94 156 734 713 710 135 134 121 19 77 709 708 397 396 313 307 306 400 385 357 356 342 311 319 318 317 603 616 1116 1148 522 521 520 290 552 78 167 670 820 819 1091 1090 22 720 719 718 717 716 669 361 208 205 473 895 20 34 151 152 785 796 26 164 187 17 32 31 30 288 21 434 90 89 124 99 160 138 143 133 265 194 193 536 535 656 829 190 123 105 262 75 543 120 298 435 657 689 688 80 280 279 278 277 503 607 606 605 936 1224 1223 1106 387 386 405 404 403 344 343 402 314 614 390 310 309 628 916 962 961 1220 1219 1218 391 392 305 304 303 901 870 900 899 898 1127 894 459 992 1120 691 690 735 117 103 116 429 469 125 654 1004 990 966 867 640 639 866 865 1142 995 1000 1068 1067 963 1149 1222 1049 1048 964 893 641 624 623 352 329 328 351 350 349 371 1072 360 604 1021 1020 1019 407 406 685 678 291 667 529 24 528 1124 173 172 1128 209 601 600 1066 620 364 470 345 336 335 1082 836 1103 1102 408 339 198 197 622 338 337 479 154 145 550 153 524 478 477 476 560 1125 802 801 1015 1101 320 1017 1107 1074 1073 892 959 958 957 967 206 984 982 985 983 1010 1105 1013 1126 791 933 631 630 629 902 932 55 54 1075 1078 1077 1076 57 56 393 58 756 755 754 258 213 212 211 210 220 217 216 215 249 219 240 234 233 260 229 228 1053 256 259 261 447 448 257 237 449 1040 251 223 222 740 744 743 742 441 440 1042 1041 250 253 761 935 871 1039 747 741 746 745 239 436 1054 252 951 950 737 1212 953 1005 1060 773 776 775 711 774 439 444 443 445 1034 1033 1037 1036 888 887 458 457 456 455 454 453 659 658 738 660 703 702 701 759 758 461 757 952 956 955 954 1208 1207 847 1024 1206 1205 1204 475 474 613 1138 619 635 925 924 923 922 921 920 1195 1217 1216 389 668 1210 848 1167 1166 1165 1164 1173 1008 943 1174 989 970 1007 645 965 988 987 1079 644 643 642 676 946 1143 271 269 268 267 542 541 557 556 555 571 594 655 157 527 1122 790 577 841 104 127 126 472 672 671 128 168 377 171 376 204 203 202 561 1022 1213 822 569 727 726 725 724 723 263 973 969 728 597 596 686 931 564 563 562 296 295 488 487 489 731 100 1045 930 665 666 570 482 558 781 780 714 909 795 794 793 1093 1047 1046 784 783 782 1081 1080 883 882 551 942 1203 1202 949 1025 1147 1146 1140 905 1156 1155 1154 1153 1152 1151 1139 1145 1144 1194 1185 1190 1189 648 693 692 972 971 993 1023 1094 382 680 679 945 531 530 532 646 779 647 649 650 850 849 975 974 1087 1086 1085 1084 1098 1097 1096 341 399 398 401 526 638 637 636 1209 1012 312 384 621 1027 1026 855 854 1177 1176 1175 1006 1225 1014 813 294 682 681 842 844 789 576 806 1119 808 1092 166 165 1118 148 169 201 410 409 805 804 803 496 537 578 675 730 823 110 149 155 800 799 170 815 980 812 1018 493 495 821 292 322 321 979 976 509 602 185 395 85 981 1016 1115 1114 525 634 941 940 960 411 968 131 132 843 683 663 662 661 140 423 427 492 508 674 86 787 1058 1057 1056 188 501 97 192 191 162 297 273 426 432 431 706 430 736 839 422 664 181 180 419 481 573 572 44 729 285 323 283 47 184 827 1121 581 554 547 545 544 546 490 300 707 421 807 275 424 840 142 141 825 824 299 534 553 272 
=============================================================
41 
=============================================================
289 
=============================================================
39 
=============================================================
38 
=============================================================
425 
=============================================================
163 
=============================================================
705 
=============================================================
179 
=============================================================
1089 
=============================================================
771 
=============================================================
766 
=============================================================
765 
=============================================================
762 
=============================================================
753 
=============================================================
752 
=============================================================
751 
=============================================================
750 
=============================================================
748 
=============================================================
224 
=============================================================
462 
=============================================================
463 
=============================================================
464 
=============================================================
653 
=============================================================
760 
=============================================================
914 
=============================================================
915 
=============================================================
394 
=============================================================
632 
=============================================================
633 
=============================================================
1221 
=============================================================
504 
=============================================================
715 
=============================================================
878 
=============================================================
884 
=============================================================
885 
=============================================================
886 
=============================================================
872 
=============================================================
911 
=============================================================
912 
=============================================================
913 
=============================================================
873 
=============================================================
874 
=============================================================
673 
=============================================================
772 
=============================================================
739 
=============================================================
1104 
=============================================================
1150 
=============================================================
1069 
=============================================================
1070 
=============================================================
1002 
=============================================================
1003 
=============================================================
996 
=============================================================
997 
=============================================================
1011 
=============================================================
986 
=============================================================
896 
=============================================================
897 
=============================================================
491 
=============================================================
838 
=============================================================
412 
=============================================================
413 
=============================================================
414 
=============================================================
415 
=============================================================
416 
=============================================================
417 
=============================================================
599 
=============================================================
810 
=============================================================
889 
=============================================================
929 
=============================================================
592 
=============================================================
1117 
=============================================================
460 
=============================================================
809 
=============================================================
828 
=============================================================
786 
=============================================================
433 
=============================================================
420 
=============================================================
792 
=============================================================
627 
=============================================================
1214 
=============================================================
1215 
=============================================================
1061 
=============================================================
1062 
=============================================================
446 
=============================================================
225 
=============================================================
247 
=============================================================
244 
=============================================================
242 
=============================================================
227 
=============================================================
226 
=============================================================
767 
=============================================================
770 
=============================================================
768 
=============================================================
763 
=============================================================
764 
=============================================================
1059 
=============================================================
593 
=============================================================
749 
=============================================================
451 
=============================================================
452 
=============================================================
232 
=============================================================
246 
=============================================================
245 
=============================================================
241 
=============================================================
235 
=============================================================
236 
=============================================================
1031 
=============================================================
1032 
=============================================================
1028 
=============================================================
1029 
=============================================================
1043 
=============================================================
1038 
=============================================================
1035 
=============================================================
1030 
=============================================================
243 
=============================================================
238 
=============================================================
450 
=============================================================
230 
=============================================================
231 
=============================================================
1055 
=============================================================
769 
=============================================================
254 
=============================================================
442 
=============================================================
437 
=============================================================
438 
=============================================================
255 
=============================================================
248 
=============================================================
221 
=============================================================
218 
=============================================================
1129 
=============================================================
1130 
=============================================================
1123 
=============================================================
1052 
=============================================================
830 
=============================================================
831 
=============================================================
832 
=============================================================
324 
=============================================================
580 
=============================================================
567 
=============================================================
856 
=============================================================
687 
=============================================================
1131 
=============================================================
276 
=============================================================
991 
=============================================================
1133 
=============================================================
549 
=============================================================
826 
=============================================================
574 
=============================================================
575 
=============================================================
428 
=============================================================
797 
=============================================================
798 
=============================================================
98 
=============================================================
130 
=============================================================
510 
=============================================================
977 
=============================================================
978 
=============================================================
497 
=============================================================
498 
=============================================================
506 
=============================================================
512 
=============================================================
513 
=============================================================
516 
=============================================================
514 
=============================================================
515 
=============================================================
507 
=============================================================
817 
=============================================================
818 
=============================================================
677 
=============================================================
917 
=============================================================
918 
=============================================================
1071 
=============================================================
998 
=============================================================
999 
=============================================================
1132 
=============================================================
910 
=============================================================
833 
=============================================================
834 
=============================================================
835 
=============================================================
579 
=============================================================
538 
=============================================================
539 
=============================================================
540 
=============================================================
1199 
=============================================================
1200 
=============================================================
944 
=============================================================
1186 
=============================================================
1187 
=============================================================
919 
=============================================================
1188 
=============================================================
1182 
=============================================================
1183 
=============================================================
1197 
=============================================================
1198 
=============================================================
1184 
=============================================================
1178 
=============================================================
1179 
=============================================================
1180 
=============================================================
1196 
=============================================================
1181 
=============================================================
1169 
=============================================================
1170 
=============================================================
1191 
=============================================================
1192 
=============================================================
1201 
=============================================================
1193 
=============================================================
1171 
=============================================================
1172 
=============================================================
1009 
=============================================================
1168 
=============================================================
1160 
=============================================================
1161 
=============================================================
1162 
=============================================================
1163 
=============================================================
1157 
=============================================================
1158 
=============================================================
1159 
=============================================================
926 
=============================================================
927 
=============================================================
383 
=============================================================
837 
=============================================================
608 
=============================================================
609 
=============================================================
610 
=============================================================
611 
=============================================================
612 
=============================================================
928 
=============================================================
373 
=============================================================
788 
=============================================================
1099 
=============================================================
1141 
=============================================================
906 
=============================================================
907 
=============================================================
908 
=============================================================
1063 
=============================================================
1064 
=============================================================
1065 
=============================================================
939 
=============================================================
625 
=============================================================
626 
=============================================================
353 
=============================================================
354 
=============================================================
355 
=============================================================
330 
=============================================================
331 
=============================================================
372 
=============================================================
370 
=============================================================
860 
=============================================================
861 
=============================================================
862 
=============================================================
1211 
=============================================================
182 
=============================================================
183 
=============================================================
79 
=============================================================
684 
=============================================================
1088 
=============================================================
1044 
=============================================================
615 
=============================================================
814 
=============================================================
499 
=============================================================
505 
=============================================================
816 
=============================================================
500 
=============================================================
811 
=============================================================
502 
=============================================================
146 
=============================================================
511 
=============================================================
129 
=============================================================
274 
=============================================================
161 
=============================================================
293 
=============================================================
266 
=============================================================
106 
=============================================================
699 
=============================================================
700 
=============================================================
139 
=============================================================
96 
=============================================================
264 
=============================================================
270 
=============================================================
732 
=============================================================
566 
=============================================================
483 
=============================================================
484 
=============================================================
485 
=============================================================
947 
=============================================================
486 
=============================================================
83 
=============================================================
84 
=============================================================
114 
=============================================================
111 
=============================================================
340 
=============================================================
195 
=============================================================
494 
=============================================================
568 
=============================================================
35 
=============================================================
68 
=============================================================
37 
=============================================================
565 
=============================================================
595 
=============================================================
325 
=============================================================
122 
=============================================================
29 
=============================================================
548 
=============================================================
284 
=============================================================
704 
=============================================================
559 
=============================================================
8 
=============================================================
18 
=============================================================
868 
=============================================================
721 
=============================================================
722 
=============================================================
517 
=============================================================
518 
=============================================================
465 
=============================================================
733 
=============================================================
519 
=============================================================
388 
=============================================================
466 
=============================================================
533 
=============================================================
523 
=============================================================
480 
=============================================================
468 
=============================================================
467 
=============================================================
281 
=============================================================
282 
=============================================================
158 
=============================================================
159 
=============================================================
365 
=============================================================
471 
=============================================================
994 
=============================================================
374 
=============================================================
378 
=============================================================
346 
=============================================================
326 
=============================================================
327 
=============================================================
1083 
=============================================================
315 
=============================================================
332 
=============================================================
617 
=============================================================
347 
=============================================================
348 
=============================================================
375 
=============================================================
618 
=============================================================
366 
=============================================================
418 
=============================================================
367 
=============================================================
333 
=============================================================
379 
=============================================================
334 
=============================================================
380 
=============================================================
381 
=============================================================
368 
=============================================================
369 
=============================================================
316 
=============================================================
174 
=============================================================
358 
=============================================================
1001 
=============================================================
359 
=============================================================
903 
=============================================================
59 
=============================================================
60 
=============================================================
362 
=============================================================
363 
=============================================================
214 
=============================================================
712 
=============================================================
16 
=============================================================
25 
=============================================================
27 
=============================================================
28 
=============================================================
10 
=============================================================
11 
=============================================================
137 
=============================================================
91 
=============================================================
12 
=============================================================
4 
=============================================================
The number of strongly connected components are :434
Time taken by function: 21940 microseconds
