41 1 0 12 2 3 7 4 5 8 13 16 28 70 17 22 19 63 21 25 31 26 9 37 18 32 39 27 66 57 49 34 10 11 36 47 40 65 59 104 58 60 62 64 134 127 95 43 67 56 136 158 146 98 78 35 97 30 308 280 421 310 822 301 54 51 658 245 74 82 45 79 69 44 140 144 106 94 93 24 171 89 68 100 110 80 77 90 50 81 105 101 83 96 85 117 14 15 124 113 122 125 116 121 114 123 177 168 150 107 108 111 71 148 152 153 164 75 109 133 141 199 103 149 119 167 126 128 33 192 156 324 325 331 577 503 401 398 400 674 502 181 132 42 38 147 223 120 130 92 88 91 159 154 221 157 170 208 214 200 413 247 202 234 137 151 264 187 287 288 289 323 410 291 174 236 405 404 406 407 471 411 423 286 358 867 444 228 226 650 343 274 276 227 659 378 269 500 676 785 337 336 436 668 677 220 538 176 131 232 231 240 237 239 257 284 292 1023 550 302 338 592 115 351 218 265 260 283 145 383 472 475 578 183 186 307 583 369 368 241 139 1145 243 172 48 46 259 375 248 316 355 532 547 604 322 631 352 390 99 483 282 435 372 783 486 482 688 484 179 178 366 534 536 345 740 637 485 515 518 246 349 309 389 412 293 249 424 514 348 450 391 828 691 847 737 579 748 463 516 683 630 761 537 744 735 593 473 402 219 687 808 801 654 546 544 843 747 790 680 456 856 762 517 653 763 738 370 753 799 774 666 494 61 1135 652 1043 1167 669 810 800 793 784 736 786 787 1154 874 891 751 898 776 581 741 745 1002 873 882 863 777 535 545 952 651 445 739 797 755 984 819 817 829 825 929 892 889 932 711 765 513 662 533 768 798 838 778 754 908 912 981 217 582 831 885 884 886 927 866 809 851 955 991 1034 1149 1033 642 641 934 811 764 826 897 895 948 1005 930 935 1105 743 868 1036 746 789 806 844 902 875 903 1110 859 855 857 858 940 1204 1118 894 610 752 871 969 1071 926 1116 830 845 771 742 928 1094 782 781 796 807 916 827 836 1185 848 870 937 1032 1038 1100 1102 1104 1173 833 865 1003 951 1037 992 1041 1040 1046 1120 896 956 986 1078 961 893 982 1137 1006 1055 963 1143 821 823 993 880 881 1089 1103 1172 1171 941 1108 840 1174 860 878 1049 990 998 698 769 862 766 890 977 1009 1067 1085 820 925 1017 869 791 967 1027 1074 1073 1048 957 883 756 802 849 1019 804 909 964 987 1000 1101 749 770 876 999 1047 1059 775 959 974 813 816 834 1056 906 975 923 938 958 976 1001 1025 850 933 1024 1061 872 758 931 1053 837 917 1057 580 750 1106 960 428 290 281 907 965 985 1083 1125 814 824 832 1029 1016 628 767 1012 942 947 953 1114 915 556 431 548 1072 539 759 815 457 386 201 601 455 395 567 275 478 477 594 143 185 205 507 206 209 624 268 270 519 520 415 334 381 465 238 508 571 606 317 429 215 216 230 251 252 333 332 420 499 460 490 595 623 295 204 319 330 242 430 470 588 569 194 193 244 384 196 169 210 625 320 392 1093 1069 920 919 377 360 298 299 197 409 733 918 461 690 936 757 760 1111 1052 954 1082 629 1044 443 792 983 1008 1015 645 285 665 388 213 1075 1064 327 622 632 673 1156 222 978 198 599 86 203 540 129 649 180 1091 1136 551 617 713 155 294 466 382 839 253 841 1014 565 422 347 672 102 414 842 618 211 1127 166 379 165 262 346 182 195 586 732 921 1088 888 910 1058 1080 1182 440 439 438 53 225 224 1028 655 779 835 968 980 997 1004 1021 1030 1031 1045 1144 263 531 526 570 476 359 432 433 491 207 160 437 620 321 449 501 634 212 272 561 
==================================================
1221 
==================================================
504 
==================================================
1194 
==================================================
1011 
==================================================
509 
==================================================
1090 
==================================================
1086 
==================================================
911 
==================================================
1050 1051 
==================================================
864 
==================================================
387 
==================================================
613 
==================================================
596 
==================================================
852 
==================================================
1097 
==================================================
296 
==================================================
1146 
==================================================
1010 
==================================================
1189 
==================================================
621 
==================================================
341 
==================================================
616 
==================================================
313 
==================================================
173 
==================================================
725 
==================================================
726 
==================================================
1199 
==================================================
671 
==================================================
541 
==================================================
112 
==================================================
278 
==================================================
1164 
==================================================
1115 
==================================================
962 
==================================================
279 
==================================================
709 
==================================================
712 
==================================================
312 
==================================================
701 
==================================================
1132 
==================================================
879 
==================================================
233 
==================================================
729 
==================================================
853 
==================================================
1152 
==================================================
1042 
==================================================
397 396 521 
==================================================
356 
==================================================
1087 
==================================================
261 
==================================================
522 
==================================================
780 
==================================================
635 
==================================================
306 
==================================================
638 
==================================================
417 
==================================================
1209 
==================================================
161 
==================================================
563 
==================================================
795 
==================================================
1181 
==================================================
587 
==================================================
1141 
==================================================
52 
==================================================
419 
==================================================
304 
==================================================
600 
==================================================
434 
==================================================
1131 
==================================================
1121 
==================================================
922 
==================================================
901 899 
==================================================
318 
==================================================
505 
==================================================
589 
==================================================
311 
==================================================
734 
==================================================
846 
==================================================
664 
==================================================
380 
==================================================
640 
==================================================
20 
==================================================
1133 
==================================================
1084 
==================================================
727 
==================================================
1022 
==================================================
497 
==================================================
365 
==================================================
1147 
==================================================
376 
==================================================
1197 
==================================================
1039 
==================================================
603 
==================================================
612 
==================================================
639 
==================================================
989 
==================================================
685 
==================================================
670 
==================================================
454 
==================================================
453 
==================================================
900 
==================================================
479 
==================================================
305 
==================================================
1222 
==================================================
1020 
==================================================
1126 
==================================================
1060 
==================================================
190 
==================================================
705 
==================================================
1157 
==================================================
184 
==================================================
720 
==================================================
235 
==================================================
549 
==================================================
175 
==================================================
584 
==================================================
1095 
==================================================
696 
==================================================
971 
==================================================
708 
==================================================
1099 
==================================================
724 
==================================================
189 
==================================================
1170 
==================================================
1193 
==================================================
1161 
==================================================
1208 
==================================================
1187 
==================================================
576 
==================================================
446 
==================================================
1068 
==================================================
661 
==================================================
1148 
==================================================
803 
==================================================
979 
==================================================
1140 
==================================================
328 
==================================================
728 
==================================================
6 
==================================================
1219 
==================================================
794 
==================================================
710 
==================================================
1159 
==================================================
1138 
==================================================
1013 
==================================================
1092 
==================================================
73 
==================================================
1168 
==================================================
277 
==================================================
730 
==================================================
229 
==================================================
566 
==================================================
772 
==================================================
656 
==================================================
1107 
==================================================
418 
==================================================
1134 
==================================================
458 
==================================================
557 
==================================================
441 
==================================================
1035 
==================================================
647 
==================================================
1066 
==================================================
1201 
==================================================
481 
==================================================
72 
==================================================
854 
==================================================
924 
==================================================
326 
==================================================
861 
==================================================
1166 
==================================================
573 
==================================================
946 
==================================================
721 
==================================================
633 
==================================================
552 
==================================================
560 
==================================================
374 373 
==================================================
256 
==================================================
84 
==================================================
142 
==================================================
495 496 
==================================================
314 
==================================================
562 
==================================================
679 
==================================================
1079 
==================================================
678 
==================================================
1212 
==================================================
943 
==================================================
1198 
==================================================
945 
==================================================
1162 
==================================================
480 
==================================================
297 
==================================================
644 
==================================================
1155 
==================================================
684 
==================================================
1217 
==================================================
371 
==================================================
1218 
==================================================
76 
==================================================
1070 
==================================================
706 
==================================================
686 
==================================================
1054 
==================================================
1139 
==================================================
315 
==================================================
530 
==================================================
707 
==================================================
266 
==================================================
972 
==================================================
525 
==================================================
913 
==================================================
394 
==================================================
188 
==================================================
1098 
==================================================
528 773 
==================================================
527 
==================================================
1179 
==================================================
675 
==================================================
254 
==================================================
255 
==================================================
609 608 
==================================================
1007 
==================================================
489 
==================================================
614 
==================================================
385 
==================================================
970 
==================================================
524 
==================================================
611 
==================================================
697 
==================================================
344 
==================================================
329 
==================================================
996 
==================================================
1150 
==================================================
1196 
==================================================
1205 
==================================================
812 
==================================================
1211 
==================================================
944 
==================================================
585 
==================================================
87 
==================================================
682 
==================================================
995 
==================================================
788 
==================================================
818 
==================================================
1190 
==================================================
559 
==================================================
1128 
==================================================
393 
==================================================
512 
==================================================
1018 
==================================================
1113 
==================================================
138 
==================================================
303 
==================================================
447 
==================================================
966 
==================================================
468 
==================================================
905 
==================================================
1215 
==================================================
988 
==================================================
607 
==================================================
939 
==================================================
591 
==================================================
118 
==================================================
408 
==================================================
399 
==================================================
695 
==================================================
29 
==================================================
1160 
==================================================
250 
==================================================
717 
==================================================
258 
==================================================
267 
==================================================
1119 
==================================================
1096 
==================================================
362 
==================================================
574 
==================================================
575 
==================================================
681 
==================================================
1077 
==================================================
605 
==================================================
1151 
==================================================
462 
==================================================
1223 
==================================================
973 
==================================================
448 
==================================================
643 
==================================================
723 
==================================================
469 
==================================================
510 
==================================================
950 
==================================================
1216 
==================================================
492 
==================================================
543 
==================================================
949 
==================================================
558 
==================================================
619 
==================================================
1109 
==================================================
191 
==================================================
602 
==================================================
23 
==================================================
498 
==================================================
367 
==================================================
1142 
==================================================
1195 
==================================================
467 
==================================================
1130 
==================================================
718 
==================================================
135 
==================================================
55 
==================================================
339 
==================================================
1163 
==================================================
1026 
==================================================
700 
==================================================
615 
==================================================
564 
==================================================
994 
==================================================
511 
==================================================
703 
==================================================
1169 
==================================================
335 
==================================================
1165 
==================================================
689 
==================================================
887 
==================================================
162 
==================================================
1220 
==================================================
704 
==================================================
273 
==================================================
350 
==================================================
714 
==================================================
357 
==================================================
1081 
==================================================
636 
==================================================
1153 
==================================================
914 
==================================================
474 
==================================================
1124 1122 
==================================================
1123 
==================================================
442 
==================================================
163 
==================================================
1117 
==================================================
1200 
==================================================
300 
==================================================
590 
==================================================
1186 
==================================================
1191 
==================================================
663 
==================================================
731 
==================================================
353 
==================================================
354 
==================================================
1112 
==================================================
403 
==================================================
542 
==================================================
1063 
==================================================
626 
==================================================
488 
==================================================
1188 
==================================================
1210 
==================================================
523 
==================================================
1184 
==================================================
660 
==================================================
1203 
==================================================
657 
==================================================
904 
==================================================
361 
==================================================
1213 
==================================================
1176 
==================================================
598 
==================================================
1183 
==================================================
693 
==================================================
271 
==================================================
1202 
==================================================
364 
==================================================
722 
==================================================
1178 1177 
==================================================
1206 
==================================================
1207 
==================================================
487 
==================================================
1192 
==================================================
572 
==================================================
702 
==================================================
1214 
==================================================
715 
==================================================
493 
==================================================
597 
==================================================
452 
==================================================
459 
==================================================
1180 
==================================================
667 
==================================================
568 
==================================================
553 
==================================================
1129 
==================================================
464 
==================================================
427 
==================================================
1076 
==================================================
646 
==================================================
699 
==================================================
1065 
==================================================
627 
==================================================
506 
==================================================
555 
==================================================
554 
==================================================
877 
==================================================
719 
==================================================
363 
==================================================
340 
==================================================
716 
==================================================
451 
==================================================
342 
==================================================
1062 
==================================================
694 
==================================================
692 
==================================================
648 
==================================================
805 
==================================================
1175 
==================================================
1158 
==================================================
416 
==================================================
529 
==================================================
426 
==================================================
425 
==================================================
The number of strongly connected components are :422
==============================END================================
Time taken by function: 1952773 microseconds
