41 5 0 6 2 3 4 13 10 11 7 8 9 44 12 14 35 22 20 21 17 18 53 52 61 60 95 51 27 23 24 25 26 28 29 30 31 32 33 34 37 38 40 39 48 36 75 76 47 79 62 15 45 46 63 16 68 64 42 19 86 55 54 56 57 58 59 89 88 96 66 67 74 73 84 49 50 71 70 107 65 92 80 69 81 82 83 87 105 77 121 93 108 90 91 110 258 132 106 72 163 115 113 114 116 118 117 100 97 98 99 124 101 102 192 194 137 126 131 142 85 146 177 94 120 218 128 127 160 129 133 134 173 147 145 144 212 152 153 155 154 183 165 123 122 150 103 104 157 149 148 180 156 166 125 185 323 162 169 136 135 170 164 139 140 174 158 159 209 210 211 138 252 175 665 254 186 226 221 215 187 184 188 189 190 282 191 178 176 181 167 168 172 143 196 197 198 201 199 200 204 206 214 179 231 232 141 161 249 236 233 234 235 243 237 238 241 240 242 303 255 222 223 220 377 182 213 264 265 266 246 247 358 43 324 441 333 119 229 338 245 171 261 151 251 336 260 248 259 253 283 225 301 216 269 272 271 273 322 334 335 428 409 244 420 230 366 109 424 280 256 224 309 268 295 288 217 340 290 263 300 329 286 195 193 408 281 285 208 305 411 308 376 262 278 257 284 277 342 294 291 346 345 343 207 820 205 498 267 359 332 406 374 293 360 371 351 250 320 321 368 112 357 328 327 306 326 318 361 339 370 414 443 417 367 337 419 302 304 369 405 314 307 347 349 344 381 379 296 363 434 353 354 404 412 473 298 287 299 418 467 459 311 297 316 341 389 385 380 387 388 390 391 393 378 397 394 486 270 426 275 413 440 435 438 330 455 375 356 355 518 422 493 292 450 458 494 310 317 312 841 719 395 557 445 531 437 860 753 470 427 474 469 477 478 442 423 444 464 331 362 401 425 457 399 526 403 537 460 490 410 491 892 828 546 352 350 533 430 504 407 466 421 448 429 446 447 461 592 274 549 465 707 566 451 365 489 528 373 372 431 433 756 597 596 695 971 520 552 481 599 685 647 698 738 809 627 678 400 509 325 508 480 550 667 582 671 471 607 453 932 492 612 726 747 513 507 615 521 482 483 556 727 851 907 593 515 484 563 522 523 601 536 812 845 699 499 452 487 488 496 506 462 463 545 588 392 600 813 544 534 542 543 585 817 500 502 661 510 525 529 558 569 570 823 565 674 754 555 720 608 700 602 616 913 560 313 810 856 666 833 922 847 547 527 976 981 925 919 956 933 929 579 950 644 651 963 859 815 880 949 511 541 641 495 673 826 803 1001 832 587 886 921 930 669 783 654 562 497 548 581 872 811 568 840 926 927 931 951 957 765 912 778 573 503 672 649 953 822 572 776 908 917 918 974 1000 970 936 939 865 991 706 694 610 664 836 903 535 554 553 598 777 538 530 723 551 663 679 733 766 800 652 613 619 793 748 564 710 896 638 952 540 791 623 202 924 519 786 589 713 958 962 969 690 806 898 635 799 818 906 681 760 909 891 730 714 621 485 476 655 980 816 914 900 978 686 632 662 789 705 611 938 559 577 954 889 590 835 276 947 869 629 905 696 717 759 855 618 617 640 937 708 768 396 814 456 642 883 895 725 825 923 416 728 885 887 945 454 741 779 955 797 516 743 517 989 620 829 843 567 432 512 920 737 735 721 279 736 228 645 692 689 539 348 824 839 745 650 990 935 742 364 591 999 844 501 821 751 734 877 838 614 1003 514 111 866 837 643 415 852 219 609 878 740 942 758 715 996 624 697 716 763 902 
==================================================
863 
==================================================
586 
==================================================
773 
==================================================
724 
==================================================
750 
==================================================
861 
==================================================
524 
==================================================
988 
==================================================
992 
==================================================
682 
==================================================
979 
==================================================
975 
==================================================
858 
==================================================
960 
==================================================
982 
==================================================
571 
==================================================
943 
==================================================
972 
==================================================
941 
==================================================
739 
==================================================
755 
==================================================
807 
==================================================
944 
==================================================
761 
==================================================
901 
==================================================
680 
==================================================
634 
==================================================
676 
==================================================
790 
==================================================
712 
==================================================
788 
==================================================
894 
==================================================
802 
==================================================
574 
==================================================
879 
==================================================
402 
==================================================
875 
==================================================
805 
==================================================
383 
==================================================
801 
==================================================
994 
==================================================
915 
==================================================
771 
==================================================
764 
==================================================
532 
==================================================
436 
==================================================
775 
==================================================
827 
==================================================
834 
==================================================
946 
==================================================
289 
==================================================
884 
==================================================
904 
==================================================
578 
==================================================
888 
==================================================
767 
==================================================
948 
==================================================
130 
==================================================
785 
==================================================
959 
==================================================
78 
==================================================
842 
==================================================
677 
==================================================
831 
==================================================
239 
==================================================
668 
==================================================
857 
==================================================
1004 
==================================================
965 
==================================================
203 
==================================================
934 
==================================================
781 
==================================================
940 
==================================================
890 
==================================================
984 
==================================================
911 
==================================================
319 
==================================================
964 
==================================================
1002 
==================================================
575 
==================================================
787 
==================================================
870 
==================================================
594 
==================================================
796 
==================================================
630 
==================================================
606 
==================================================
752 
==================================================
472 
==================================================
868 
==================================================
782 
==================================================
850 
==================================================
704 
==================================================
967 
==================================================
636 
==================================================
693 
==================================================
687 
==================================================
449 
==================================================
961 
==================================================
973 
==================================================
928 
==================================================
749 
==================================================
881 
==================================================
762 
==================================================
688 
==================================================
985 
==================================================
830 
==================================================
722 
==================================================
1 
==================================================
382 
==================================================
795 
==================================================
873 
==================================================
784 
==================================================
848 
==================================================
628 
==================================================
468 
==================================================
657 
==================================================
867 
==================================================
854 
==================================================
227 
==================================================
910 
==================================================
874 
==================================================
398 
==================================================
871 
==================================================
876 
==================================================
769 
==================================================
639 
==================================================
384 
==================================================
864 
==================================================
977 
==================================================
659 
==================================================
603 
==================================================
631 
==================================================
729 
==================================================
774 
==================================================
966 
==================================================
315 
==================================================
998 
==================================================
702 
==================================================
646 
==================================================
584 
==================================================
792 
==================================================
622 
==================================================
757 
==================================================
997 
==================================================
882 
==================================================
604 
==================================================
626 
==================================================
849 
==================================================
683 
==================================================
983 
==================================================
595 
==================================================
853 
==================================================
625 
==================================================
862 
==================================================
893 
==================================================
968 
==================================================
479 
==================================================
897 
==================================================
899 
==================================================
505 
==================================================
637 
==================================================
583 
==================================================
718 
==================================================
701 
==================================================
819 
==================================================
986 
==================================================
439 
==================================================
987 
==================================================
561 
==================================================
605 
==================================================
846 
==================================================
804 
==================================================
656 
==================================================
794 
==================================================
916 
==================================================
993 
==================================================
709 
==================================================
770 
==================================================
576 
==================================================
475 
==================================================
386 
==================================================
780 
==================================================
995 
==================================================
684 
==================================================
648 
==================================================
798 
==================================================
744 
==================================================
691 
==================================================
670 
==================================================
746 
==================================================
633 
==================================================
732 
==================================================
660 
==================================================
711 
==================================================
731 
==================================================
658 
==================================================
808 
==================================================
703 
==================================================
675 
==================================================
772 
==================================================
580 
==================================================
653 
==================================================
The number of strongly connected components are :203
==============================END================================
Time taken by function: 1141944 microseconds
