41 
==================================================
170 53 52 15 1 0 2 3 112 33 46 82 81 62 61 302 301 113 50 5 6 7 287 286 119 51 136 115 67 66 65 64 63 88 87 189 188 190 123 9 42 45 43 109 70 69 662 661 663 71 78 19 76 101 102 107 108 150 95 93 74 73 72 144 147 148 641 624 400 385 313 307 306 178 177 176 175 186 185 616 603 396 344 343 342 311 319 318 317 993 404 205 473 118 36 40 117 103 116 429 469 125 657 434 48 23 49 729 285 323 791 689 121 120 298 13 435 543 271 269 268 267 134 135 280 80 75 262 594 655 99 90 89 124 570 194 193 536 535 656 829 796 26 164 156 734 713 710 801 813 294 171 376 204 203 202 561 145 154 153 524 478 477 476 560 550 1125 802 200 199 198 197 335 339 338 337 336 1082 407 406 685 678 291 207 206 894 22 720 719 718 717 716 669 361 208 865 688 310 309 628 916 962 357 356 631 303 901 870 900 899 898 305 304 458 457 456 455 454 453 659 658 738 737 258 213 212 211 210 220 217 216 215 249 219 240 234 233 260 229 228 1053 256 259 261 447 448 257 237 449 1040 251 223 222 740 744 743 742 441 440 1042 1041 250 253 761 935 871 1039 747 741 746 745 239 436 1054 252 951 950 1005 691 690 735 966 867 640 405 644 643 642 639 866 995 1000 1068 1067 963 386 676 1149 1222 1106 387 1049 1048 964 893 892 959 958 957 209 967 984 982 985 172 1128 983 1010 1105 1013 1060 773 776 775 711 774 439 444 443 445 1034 1033 1037 1036 1212 953 660 703 702 701 759 758 461 757 754 952 956 955 954 1208 1207 847 1024 522 521 520 290 552 942 1007 970 360 604 1021 1020 1019 1074 1073 1148 1194 1185 1139 1190 1189 1203 1202 949 392 475 474 613 1138 1025 1147 1146 1140 905 55 54 1075 1078 1077 1076 1156 1155 1154 1153 1152 1151 1145 1144 1206 1205 1204 1127 1126 933 902 932 57 56 393 58 756 755 888 887 630 629 961 1220 1219 1218 391 314 614 390 389 668 667 529 24 528 1124 173 601 600 1066 1210 848 1167 1166 1165 1164 1173 1008 943 1174 619 635 925 924 923 922 921 920 1195 1217 1216 1142 686 784 783 782 1081 1080 883 882 459 992 895 20 34 151 152 785 1120 620 364 470 345 836 1103 1102 408 1101 320 1017 1015 1107 479 622 812 1018 493 495 805 804 803 496 410 409 1022 1213 488 487 682 681 126 472 842 844 789 576 806 1119 808 1092 166 165 1118 167 670 820 819 1091 1090 187 17 32 31 30 288 21 558 557 556 555 781 780 714 909 795 794 793 1093 133 143 138 160 265 577 841 104 127 672 671 128 168 377 822 569 727 726 725 724 723 263 973 969 728 597 596 931 564 563 562 296 295 489 731 100 1045 930 665 666 482 279 278 277 503 607 606 605 936 1224 1223 946 990 1004 1143 1014 855 854 1177 1176 1175 1006 1225 542 541 571 397 131 132 843 283 47 654 1047 1046 403 645 965 988 987 1079 1023 1094 382 680 679 945 531 530 532 646 779 647 649 650 850 849 975 974 1087 1086 1085 1084 1098 1097 1096 328 341 402 989 349 371 1072 621 1027 1026 648 693 692 972 971 1116 395 85 322 321 979 976 981 980 1016 1115 1114 525 634 941 940 960 411 527 157 1122 292 509 602 1012 312 384 399 398 401 526 638 637 636 1209 623 352 329 351 350 821 423 427 92 1051 94 169 201 537 578 675 730 823 110 149 155 800 799 815 77 709 708 551 140 492 683 968 44 573 572 419 481 105 790 501 97 192 191 162 297 273 426 432 431 706 430 736 839 422 664 181 180 508 674 86 787 1058 1057 1056 1121 581 554 547 545 544 546 490 300 707 421 807 275 424 840 142 141 825 824 299 534 553 272 14 184 827 
==================================================
1137 
==================================================
1135 
==================================================
1134 
==================================================
1186 
==================================================
938 
==================================================
937 
==================================================
857 
==================================================
851 
==================================================
907 
==================================================
698 
==================================================
694 
==================================================
1221 
==================================================
859 
==================================================
890 
==================================================
1171 
==================================================
948 
==================================================
282 
==================================================
652 
==================================================
651 
==================================================
370 
==================================================
583 
==================================================
767 
==================================================
858 
==================================================
580 
==================================================
1111 
==================================================
1108 
==================================================
514 
==================================================
585 
==================================================
584 
==================================================
1160 
==================================================
876 
==================================================
875 
==================================================
879 
==================================================
437 
==================================================
869 
==================================================
852 
==================================================
235 
==================================================
590 
==================================================
586 
==================================================
1117 
==================================================
1136 
==================================================
379 
==================================================
1095 
==================================================
1182 
==================================================
589 
==================================================
587 
==================================================
998 
==================================================
598 
==================================================
254 
==================================================
769 
==================================================
1100 
==================================================
334 
==================================================
697 
==================================================
369 
==================================================
1201 
==================================================
853 
==================================================
1178 
==================================================
696 
==================================================
695 
==================================================
161 
==================================================
880 
==================================================
548 
==================================================
877 
==================================================
137 
==================================================
588 
==================================================
788 
==================================================
196 
==================================================
174 
==================================================
881 
==================================================
814 
==================================================
1050 
==================================================
452 
==================================================
863 864 
==================================================
359 
==================================================
1110 
==================================================
1059 
==================================================
582 
==================================================
886 
==================================================
934 
==================================================
885 
==================================================
884 
==================================================
1109 
==================================================
179 
==================================================
891 
==================================================
862 
==================================================
861 
==================================================
904 
==================================================
91 
==================================================
308 
==================================================
811 
==================================================
499 
==================================================
497 
==================================================
381 
==================================================
315 
==================================================
347 
==================================================
1172 
==================================================
1169 
==================================================
380 
==================================================
1192 
==================================================
1170 
==================================================
1083 
==================================================
378 
==================================================
373 
==================================================
618 
==================================================
994 
==================================================
374 
==================================================
375 
==================================================
617 
==================================================
332 
==================================================
348 
==================================================
346 
==================================================
327 
==================================================
326 
==================================================
418 
==================================================
365 
==================================================
367 
==================================================
366 
==================================================
333 
==================================================
1141 
==================================================
368 
==================================================
1193 
==================================================
1191 
==================================================
316 
==================================================
471 
==================================================
506 
==================================================
498 
==================================================
810 
==================================================
816 
==================================================
505 
==================================================
515 
==================================================
512 
==================================================
513 
==================================================
516 
==================================================
817 
==================================================
507 
==================================================
818 
==================================================
500 
==================================================
238 
==================================================
977 
==================================================
25 
==================================================
978 
==================================================
494 
==================================================
340 
==================================================
910 
==================================================
712 
==================================================
16 
==================================================
270 
==================================================
826 
==================================================
511 
==================================================
130 
==================================================
510 
==================================================
129 
==================================================
828 
==================================================
122 
==================================================
433 
==================================================
289 
==================================================
897 
==================================================
896 
==================================================
18 
==================================================
460 
==================================================
809 
==================================================
1065 
==================================================
1064 
==================================================
1063 
==================================================
615 
==================================================
684 
==================================================
11 
==================================================
10 
==================================================
1088 
==================================================
1089 
==================================================
159 
==================================================
158 
==================================================
1044 
==================================================
485 
==================================================
484 
==================================================
483 
==================================================
486 
==================================================
947 
==================================================
37 
==================================================
383 
==================================================
732 
==================================================
182 
==================================================
183 
==================================================
1061 
==================================================
1062 
==================================================
739 
==================================================
480 
==================================================
1071 
==================================================
468 
==================================================
517 
==================================================
519 
==================================================
518 
==================================================
733 
==================================================
465 
==================================================
466 
==================================================
533 
==================================================
1070 
==================================================
1069 
==================================================
523 
==================================================
986 
==================================================
467 
==================================================
388 
==================================================
772 
==================================================
1011 
==================================================
996 
==================================================
60 
==================================================
997 
==================================================
999 
==================================================
653 
==================================================
566 
==================================================
281 
==================================================
1001 
==================================================
358 
==================================================
1104 
==================================================
353 
==================================================
355 
==================================================
354 
==================================================
715 
==================================================
1184 
==================================================
1183 
==================================================
1197 
==================================================
1198 
==================================================
59 
==================================================
412 
==================================================
416 
==================================================
415 
==================================================
414 
==================================================
413 
==================================================
417 
==================================================
1187 
==================================================
919 
==================================================
918 
==================================================
917 
==================================================
1188 
==================================================
324 
==================================================
325 
==================================================
565 
==================================================
595 
==================================================
792 
==================================================
633 
==================================================
632 
==================================================
394 
==================================================
752 
==================================================
1168 
==================================================
903 
==================================================
908 
==================================================
906 
==================================================
592 
==================================================
591 
==================================================
593 
==================================================
1214 
==================================================
1215 
==================================================
911 
==================================================
872 
==================================================
912 
==================================================
913 
==================================================
874 
==================================================
878 
==================================================
873 
==================================================
626 
==================================================
625 
==================================================
677 
==================================================
939 
==================================================
231 
==================================================
230 
==================================================
450 
==================================================
331 
==================================================
1157 
==================================================
1159 
==================================================
1158 
==================================================
330 
==================================================
1043 
==================================================
1028 
==================================================
1029 
==================================================
1038 
==================================================
1030 
==================================================
1035 
==================================================
1031 
==================================================
214 
==================================================
438 
==================================================
442 
==================================================
1032 
==================================================
1161 
==================================================
1163 
==================================================
1162 
==================================================
4 
==================================================
420 
==================================================
84 
==================================================
83 
==================================================
798 
==================================================
797 
==================================================
1196 
==================================================
1180 
==================================================
1179 
==================================================
1181 
==================================================
889 
==================================================
232 
==================================================
749 
==================================================
451 
==================================================
225 
==================================================
224 
==================================================
242 
==================================================
446 
==================================================
247 
==================================================
244 
==================================================
227 
==================================================
226 
==================================================
786 
==================================================
68 
==================================================
146 
==================================================
12 
==================================================
611 
==================================================
608 
==================================================
609 
==================================================
612 
==================================================
610 
==================================================
539 
==================================================
538 
==================================================
540 
==================================================
835 
==================================================
834 
==================================================
833 
==================================================
264 
==================================================
831 
==================================================
1123 
==================================================
832 
==================================================
830 
==================================================
837 
==================================================
838 
==================================================
673 
==================================================
428 
==================================================
276 
==================================================
98 
==================================================
599 
==================================================
246 
==================================================
8 
==================================================
991 
==================================================
559 
==================================================
284 
==================================================
549 
==================================================
96 
==================================================
700 
==================================================
699 
==================================================
106 
==================================================
139 
==================================================
274 
==================================================
425 
==================================================
255 
==================================================
915 
==================================================
914 
==================================================
760 
==================================================
721 
==================================================
722 
==================================================
575 
==================================================
574 
==================================================
567 
==================================================
1002 
==================================================
1003 
==================================================
763 
==================================================
762 
==================================================
768 
==================================================
764 
==================================================
770 
==================================================
579 
==================================================
28 
==================================================
462 
==================================================
464 
==================================================
845 
==================================================
846 
==================================================
463 
==================================================
777 
==================================================
778 
==================================================
1113 
==================================================
1112 
==================================================
29 
==================================================
687 
==================================================
929 
==================================================
248 
==================================================
502 
==================================================
163 
==================================================
221 
==================================================
1133 
==================================================
27 
==================================================
1200 
==================================================
1199 
==================================================
944 
==================================================
750 
==================================================
1130 
==================================================
1129 
==================================================
372 
==================================================
568 
==================================================
1131 
==================================================
926 
==================================================
927 
==================================================
928 
==================================================
1099 
==================================================
860 
==================================================
753 
==================================================
266 
==================================================
1150 
==================================================
363 
==================================================
362 
==================================================
868 
==================================================
38 
==================================================
856 
==================================================
704 
==================================================
748 
==================================================
35 
==================================================
1052 
==================================================
79 
==================================================
765 
==================================================
1009 
==================================================
39 
==================================================
1055 
==================================================
241 
==================================================
111 
==================================================
236 
==================================================
751 
==================================================
771 
==================================================
627 
==================================================
504 
==================================================
766 
==================================================
293 
==================================================
1132 
==================================================
245 
==================================================
218 
==================================================
243 
==================================================
114 
==================================================
1211 
==================================================
491 
==================================================
705 
==================================================
195 
==================================================
The number of strongly connected components are :434
==============================END================================
Time taken by function: 1240673 microseconds
